110111111101101111111000000000000000000000000000000000000000
101111011111110101110000000000000000000000000000000000000
11111111111011101100000000000000000000000000000000000
11111111101110111010000000000000000000000000000000000
10111111011111100000000000000000000000000000000000
111111111110110111000000000000000000000000000000
101111110111111110000000000000000000000000000000
1111111111011011100000000000000000000000000000

111111101011101000000000000000000000000000000
1111111111101000000000000000000000000000000
1011111111101000000000000000000000000000000
1111111110111100000000000000000000000000
101111001111111000000000000000000000000000
1111010011110000000000000000000000000
1111111111111100000000000000000000000
10111101110100000000000000000000000000
111001011110000000000000000000000000
1111111111011000000000000000000000000
1101011000000000000000000000
1111011100011000000000000000000000
1111111110000000000000000000000
101111110011000000000000000000000
1011100101100000000000000000000000
111111111110000000000000000




10011111010110011011000000000000000000000000000000000000000000
11110100110101000100000000000000000000


110111110101101111110000000000000000000000000000000000000000
101111011111010101110000000000000000000000000000000000000
11111111011011111100000000000000000000000000000000000
11111111101110111010000000000000000000000000000000000
10111111011111100000000000000000000000000000000000
111111111110110111000000000000000000000000000000
1011111101111101100000000000000000000000000000000
111101101011011100000000000000000000000000000

111111101111101000000000000000000000000000000
1111101111101010000000000000000000000000000
101111111110110000000000000000000000000000
11111111100111100000000000000000000000000
1011110010111110000000000000000000000000
101111010011110000000000000000000000000
1111101111111100000000000000000000000
10111111110100000000000000000000000000
111001011010000000000000000000000000
111011111111100000000000000000000000
11101011000000000000000000000
1111011100010000000000000000000000
1111111010000000000000000000000
111111111011000000000000000000000
1011100101100000000000000000000000
111111111100000000000000000


1 milli

1011110111010000000000000000000000
11110101111000000000000000000000000
1110011101000000000000000000000000
11010110011000000000000000000000
1111000011100000000000000000000000
1111110001100000000000000000000000
1111101110000000000000000000000
11111110001000000000000000000000000

1111011101000000000000000000000
1111010111100000000000000000000000
1111001110100000000000000000000000
1101011001100000000000000000000
1111001011100000000000000000000000
1111110001100000000000000000000000
1111011100000000000000000000000
1111111001000000000000000000000000

1111111010000000000000000000000
1111010111000000000000000000000000
11100111000000000000000000000000
11110001000000000000000000000
11110010111000000000000000000000
11110111000000000000000000000
1011110111000000000000000000000
11110111011000000000000000000000
11111111010000000000000000000
11110011000000000000000000
11011101000000000000000000
110100111000000000000000000
110010010000000000000000000
111110111100000000000000000000
101001111000000000000000000000
10110100000000000000000

.5 milli

100111110000000
11011000000000000000000000000000000000000000000
11110000010000000100000000000000000000000000000000000000
11110010110011000000000000000000000000000000000000000
110001100101000100000000000000000000000000000000000000
11100100110110000000000000000000000000000000000000
11001101100100010000000000000000000000000000000000
110100011001000000000000000000000000000000000

1111011010000001000000000000000000000000000000
110110000101000000000000000000000000000000000
11010110100000000000000000000000000000000000
11010101001000000000000000000000000000000
1010110100011100000000000000000000000000000
1110000111110000000000000000000000000000
110010011110000000000000000000000000
101110011101010000000000000000000000000

1111010000000000000000000000000000000
110000010000000000000000000000000000
1100110100100000000000000000000000000
100011000000000000000000000
10010011000100000000000000000000000
10011101000000000000000000000000
1011110000000000000000000000000000
110010010000000000000000000000000
1001101010000000000000000


.8 milli
100000001110000000000000000000000000
111110000000000000000000000000000
111000000100000000000000000000000000000
11110000000000000000000000000
11001110100000000000000000000000
11010100000000000000000000000000
11110000111000000000000000000000000000
110001100000000000000000000000

1111101100000000000000000000000
11111100000000000000000000000000000
110000010100000000000000000000000000
10111100000000000000000000000
111001110000000000000000000000000
11010000011000000000000000000000
11100001110000000000000000000000000
11111001000000000000000000000000
1111101000000000000000000000000
1111100011000000000000000000000000
10000111000000000000000000000000
11110001000000000000000000000
11110010000000000000000000000000
11110000000000000000000000000000
101011100000000000000000000000
110111000000000000000000000000
11111000010000000000000000000
111000110000000000000000000
1011101000000000000000000
110100000000000000000000000
110000010000000000000000000
11100011110000000000000000000000000
1111000000000000000000000
10110000000000000000000


.4 milli
10011111010000011011000000000000000000000000000000000000000000
11110010110000010100000000000000000000000000000000000000
11100010110111000000000000000000000000000000000000000
110101100101001100000000000000000000000000000000000000
11100100110110000000000000000000000000000000000000
11001101100100010000000000000000000000000000000000
110100011001000000000000000000000000000000000
1111011000000001000000000000000000000000000000

1101100001010000000000000000000000000000000000
10100101000000000000000000000000000000000000
1010101101000000000000000000000000000000

111110010010100000000000000000000000000000
1010001111101000000000000000000000000000
110101011010000000000000000000000000000
1111101010000000000000000000000000000
111100000101000000000000000000000000
1100010111100000000000000000000000000
111110100000000000000000000000000000
110011100000000000000000000000
11011100011000000000000000000000
1100100110000000000000000000000000
11000001000000000000000000000000
1101110111000000000000000000000000
1100000110000000000000000